Experiment Number,Map Seed,Number of Agents,Agents Seed,Uncertainty,Timeout,initial time,octu Time,initial Min Cost,initial Max Cost,initial uncertainty,initial true cost,octu Min Cost,octu Max Cost,octu uncertainty,final true cost,Sensing Probability,Distribution,Objective,Communication
1,96372106,3,10637296,1,60,0.005984306335449219,0.18906569480895996,123,160,37,160,156,160,4,160,0.5,max,Min Best Case,True
2,96372106,3,10637297,1,60,0.00498652458190918,0.08389663696289062,140,168,28,168,167,168,1,168,0.5,max,Min Best Case,True
3,96372106,3,10637298,1,60,0.003976106643676758,0.09364008903503418,109,143,34,143,142,143,1,143,0.5,max,Min Best Case,True
4,96372106,3,10637299,1,60,0.007978439331054688,0.04686713218688965,96,125,29,125,123,125,2,125,0.5,max,Min Best Case,True
5,96372106,3,10637300,1,60,0.004986286163330078,0.12569117546081543,143,178,35,178,178,178,0,178,0.5,max,Min Best Case,True
6,96372106,3,10637301,1,60,0.004987478256225586,0.1236867904663086,122,152,30,152,152,152,0,152,0.5,max,Min Best Case,True
7,96372106,3,10637302,1,60,0.002991914749145508,0.024933338165283203,69,95,26,95,91,95,4,95,0.5,max,Min Best Case,True
8,96372106,3,10637303,1,60,0.004987239837646484,0.0284881591796875,63,76,13,76,75,76,1,76,0.5,max,Min Best Case,True
9,96372106,3,10637304,1,60,0.0029861927032470703,0.0359041690826416,74,91,17,91,90,91,1,91,0.5,max,Min Best Case,True
10,96372106,3,10637305,1,60,0.004986286163330078,0.07783865928649902,119,153,34,153,152,153,1,153,0.5,max,Min Best Case,True
11,96372106,3,10637306,1,60,0.003036022186279297,0.023977041244506836,69,85,16,85,85,85,0,85,0.5,max,Min Best Case,True
12,96372106,3,10637307,1,60,0.004026651382446289,0.08179211616516113,122,149,27,149,149,149,0,149,0.5,max,Min Best Case,True
13,96372106,3,10637308,1,60,0.028622150421142578,0.5701403617858887,165,214,49,214,210,213,3,213,0.5,max,Min Best Case,True
14,96372106,3,10637309,1,60,0.0019948482513427734,0.016038894653320312,42,58,16,58,56,58,2,58,0.5,max,Min Best Case,True
15,96372106,3,10637310,1,60,0.44223618507385254,0.8600575923919678,140,175,35,175,168,169,1,169,0.5,max,Min Best Case,True
16,96372106,3,10637311,1,60,0.005894660949707031,0.036840200424194336,77,102,25,102,102,102,0,102,0.5,max,Min Best Case,True
17,96372106,3,10637312,1,60,0.3167712688446045,0.5897126197814941,170,216,46,216,212,212,0,212,0.5,max,Min Best Case,True
18,96372106,3,10637313,1,60,0.00586390495300293,0.17963743209838867,191,252,61,252,250,252,2,252,0.5,max,Min Best Case,True
19,96372106,3,10637314,1,60,0.0055446624755859375,0.1409306526184082,140,173,33,173,173,173,0,173,0.5,max,Min Best Case,True
20,96372106,3,10637315,1,60,0.002588987350463867,0.019904613494873047,50,66,16,66,62,66,4,66,0.5,max,Min Best Case,True
21,96372106,3,10637316,1,60,0.005910396575927734,0.27149319648742676,175,225,50,225,224,225,1,225,0.5,max,Min Best Case,True
22,96372106,3,10637317,1,60,0.02218008041381836,0.14984965324401855,136,177,41,177,175,177,2,177,0.5,max,Min Best Case,True
23,96372106,3,10637318,1,60,0.004450321197509766,0.0489044189453125,83,103,20,103,103,103,0,103,0.5,max,Min Best Case,True
24,96372106,3,10637319,1,60,0.004311323165893555,0.02592921257019043,72,90,18,90,90,90,0,90,0.5,max,Min Best Case,True
25,96372106,3,10637320,1,60,0.0062961578369140625,0.1227114200592041,135,174,39,174,173,174,1,174,0.5,max,Min Best Case,True
26,96372106,3,10637321,1,60,0.36960339546203613,0.08831429481506348,143,184,41,184,178,179,1,179,0.5,max,Min Best Case,True
27,96372106,3,10637322,1,60,0.003996610641479492,0.049904584884643555,73,91,18,91,90,91,1,91,0.5,max,Min Best Case,True
28,96372106,3,10637323,1,60,0.00576329231262207,0.09778690338134766,114,141,27,141,140,141,1,141,0.5,max,Min Best Case,True
29,96372106,3,10637324,1,60,14.61127495765686,0.01994633674621582,83,104,21,104,82,84,2,84,0.5,max,Min Best Case,True
30,96372106,3,10637325,1,60,0.0040264129638671875,0.05685114860534668,103,131,28,131,131,131,0,131,0.5,max,Min Best Case,True
31,96372106,3,10637326,1,60,0.0024034976959228516,0.028120756149291992,79,106,27,106,104,106,2,106,0.5,max,Min Best Case,True
32,96372106,3,10637327,1,60,0.02705693244934082,0.08975863456726074,95,113,18,113,115,115,0,115,0.5,max,Min Best Case,True
33,96372106,3,10637328,1,60,0.003988742828369141,0.044896841049194336,73,91,18,91,88,91,3,91,0.5,max,Min Best Case,True
34,96372106,3,10637329,1,60,0.009983539581298828,0.024933576583862305,55,64,9,64,64,64,0,64,0.5,max,Min Best Case,True
35,96372106,3,10637330,1,60,0.04543781280517578,0.17057347297668457,87,111,24,111,102,103,1,103,0.5,max,Min Best Case,True
36,96372106,3,10637331,1,60,0.004091978073120117,0.03689384460449219,87,108,21,108,108,108,0,108,0.5,max,Min Best Case,True
37,96372106,3,10637332,1,60,0.00401759147644043,0.03290104866027832,76,98,22,98,98,98,0,98,0.5,max,Min Best Case,True
38,96372106,3,10637333,1,60,0.003953218460083008,0.04087519645690918,85,113,28,113,110,113,3,113,0.5,max,Min Best Case,True
39,96372106,3,10637334,1,60,0.08011722564697266,0.14568328857421875,118,145,27,145,140,141,1,141,0.5,max,Min Best Case,True
40,96372106,3,10637335,1,60,0.0029540061950683594,0.045057058334350586,90,119,29,119,119,119,0,119,0.5,max,Min Best Case,True
41,96372106,3,10637336,1,60,0.0029964447021484375,0.034906625747680664,97,123,26,123,121,123,2,123,0.5,max,Min Best Case,True
42,96372106,3,10637337,1,60,0.004099845886230469,0.0707852840423584,92,117,25,117,116,117,1,117,0.5,max,Min Best Case,True
43,96372106,3,10637338,1,60,0.006062507629394531,0.12459874153137207,116,149,33,149,148,149,1,149,0.5,max,Min Best Case,True
44,96372106,3,10637339,1,60,0.006974935531616211,0.17241501808166504,165,210,45,210,210,210,0,210,0.5,max,Min Best Case,True
45,96372106,3,10637340,1,60,0.002931356430053711,0.019944190979003906,45,51,6,51,51,51,0,51,0.5,max,Min Best Case,True
46,96372106,3,10637341,1,60,0.05297398567199707,0.32800769805908203,166,214,48,214,213,214,1,214,0.5,max,Min Best Case,True
47,96372106,3,10637342,1,60,0.003974437713623047,0.056261539459228516,96,123,27,123,123,123,0,123,0.5,max,Min Best Case,True
48,96372106,3,10637343,1,60,0.003059864044189453,0.06981825828552246,86,107,21,107,107,107,0,107,0.5,max,Min Best Case,True
49,96372106,3,10637344,1,60,0.0049855709075927734,0.11025452613830566,104,135,31,135,133,135,2,135,0.5,max,Min Best Case,True
50,96372106,3,10637345,1,60,0.003981113433837891,0.08777260780334473,129,160,31,160,159,160,1,160,0.5,max,Min Best Case,True
