Experiment Number,Map Seed,Number of Agents,Agents Seed,Uncertainty,Timeout,initial time,octu Time,initial Min Cost,initial Max Cost,initial uncertainty,initial true cost,octu Min Cost,octu Max Cost,octu uncertainty,final true cost,Sensing Probability,Distribution,Objective,Communication
1,96372106,2,10637296,1,60,0.003989458084106445,0.08398628234863281,100,130,30,100,100,100,0,100,0.5,min,Min Best Case,True
2,96372106,2,10637297,1,60,0.004987001419067383,0.029895305633544922,77,93,16,77,77,77,0,77,0.5,min,Min Best Case,True
3,96372106,2,10637298,1,60,0.0029916763305664062,0.05882596969604492,99,130,31,99,99,99,0,99,0.5,min,Min Best Case,True
4,96372106,2,10637299,1,60,0.005982637405395508,0.024989604949951172,80,101,21,80,80,80,0,80,0.5,min,Min Best Case,True
5,96372106,2,10637300,1,60,0.0030074119567871094,0.03889608383178711,82,102,20,82,82,82,0,82,0.5,min,Min Best Case,True
6,96372106,2,10637301,1,60,0.00398707389831543,0.09474635124206543,103,132,29,103,103,103,0,103,0.5,min,Min Best Case,True
7,96372106,2,10637302,1,60,0.001975536346435547,0.016946077346801758,56,74,18,56,56,56,0,56,0.5,min,Min Best Case,True
8,96372106,2,10637303,1,60,0.001984119415283203,0.016011714935302734,46,54,8,46,46,47,1,46,0.5,min,Min Best Case,True
9,96372106,2,10637304,1,60,0.0019941329956054688,0.015055179595947266,55,66,11,55,55,57,2,55,0.5,min,Min Best Case,True
10,96372106,2,10637305,1,60,0.0049877166748046875,0.05083823204040527,95,123,28,95,95,95,0,95,0.5,min,Min Best Case,True
11,96372106,2,10637306,1,60,0.001001596450805664,0.010964155197143555,40,49,9,40,40,42,2,40,0.5,min,Min Best Case,True
12,96372106,2,10637307,1,60,0.0029909610748291016,0.05330038070678711,81,101,20,81,81,81,0,81,0.5,min,Min Best Case,True
13,96372106,2,10637308,1,60,0.025289297103881836,1.8925623893737793,144,191,47,144,143,144,1,143,0.5,min,Min Best Case,True
14,96372106,2,10637309,1,60,0.0009982585906982422,0.013963699340820312,28,40,12,28,28,29,1,28,0.5,min,Min Best Case,True
15,96372106,2,10637310,1,60,0.10485601425170898,0.34619712829589844,96,117,21,96,96,96,0,96,0.5,min,Min Best Case,True
16,96372106,2,10637311,1,60,0.000997781753540039,0.012037515640258789,31,39,8,31,31,31,0,31,0.5,min,Min Best Case,True
17,96372106,2,10637312,1,60,0.004439115524291992,0.07480025291442871,112,144,32,112,112,112,0,112,0.5,min,Min Best Case,True
18,96372106,2,10637313,1,60,0.003989696502685547,0.0888206958770752,132,174,42,132,132,134,2,132,0.5,min,Min Best Case,True
19,96372106,2,10637314,1,60,0.003950357437133789,0.09175491333007812,106,131,25,106,106,106,0,106,0.5,min,Min Best Case,True
20,96372106,2,10637315,1,60,0.000997781753540039,0.006978511810302734,26,34,8,26,26,26,0,26,0.5,min,Min Best Case,True
21,96372106,2,10637316,1,60,0.005984067916870117,0.16873812675476074,125,163,38,125,125,126,1,125,0.5,min,Min Best Case,True
22,96372106,2,10637317,1,60,0.0020706653594970703,0.02395915985107422,65,84,19,65,65,65,0,65,0.5,min,Min Best Case,True
23,96372106,2,10637318,1,60,0.0030672550201416016,0.029233455657958984,66,79,13,66,66,68,2,66,0.5,min,Min Best Case,True
24,96372106,2,10637319,1,60,0.001998424530029297,0.014960289001464844,47,62,15,47,47,48,1,47,0.5,min,Min Best Case,True
25,96372106,2,10637320,1,60,0.0029916763305664062,0.02395796775817871,59,77,18,59,59,59,0,59,0.5,min,Min Best Case,True
26,96372106,2,10637321,1,60,0.07879877090454102,0.28833627700805664,117,150,33,117,116,117,1,116,0.5,min,Min Best Case,True
27,96372106,2,10637322,1,60,0.003989458084106445,0.03202366828918457,71,89,18,71,71,73,2,71,0.5,min,Min Best Case,True
28,96372106,2,10637323,1,60,0.004987001419067383,0.07392358779907227,98,119,21,98,98,98,0,98,0.5,min,Min Best Case,True
29,96372106,2,10637324,1,60,2.497617244720459,2.845921277999878,51,65,14,51,42,44,2,42,0.5,min,Min Best Case,True
30,96372106,2,10637325,1,60,0.001995563507080078,0.028888940811157227,70,90,20,70,70,70,0,70,0.5,min,Min Best Case,True
31,96372106,2,10637326,1,60,0.0020051002502441406,0.01694631576538086,52,70,18,52,52,53,1,52,0.5,min,Min Best Case,True
32,96372106,2,10637327,1,60,0.024931669235229492,0.016985654830932617,49,58,9,49,49,49,0,49,0.5,min,Min Best Case,True
33,96372106,2,10637328,1,60,0.0009975433349609375,0.005014181137084961,24,31,7,24,24,25,1,24,0.5,min,Min Best Case,True
34,96372106,2,10637329,1,60,0.0011591911315917969,0.006954669952392578,37,42,5,37,37,37,0,37,0.5,min,Min Best Case,True
35,96372106,2,10637330,1,60,0.0026988983154296875,0.008975744247436523,30,38,8,30,30,30,0,30,0.5,min,Min Best Case,True
36,96372106,2,10637331,1,60,0.0019958019256591797,0.015947818756103516,58,72,14,58,58,59,1,58,0.5,min,Min Best Case,True
37,96372106,2,10637332,1,60,0.000997304916381836,0.007976531982421875,37,46,9,37,37,37,0,37,0.5,min,Min Best Case,True
38,96372106,2,10637333,1,60,0.0030603408813476562,0.03490400314331055,63,84,21,63,63,63,0,63,0.5,min,Min Best Case,True
39,96372106,2,10637334,1,60,0.0029904842376708984,0.043528079986572266,76,92,16,76,76,76,0,76,0.5,min,Min Best Case,True
40,96372106,2,10637335,1,60,0.0029904842376708984,0.02097320556640625,63,84,21,63,63,64,1,63,0.5,min,Min Best Case,True
41,96372106,2,10637336,1,60,0.001995086669921875,0.021951913833618164,74,94,20,74,74,74,0,74,0.5,min,Min Best Case,True
42,96372106,2,10637337,1,60,0.0019941329956054688,0.00598454475402832,33,43,10,33,33,37,4,33,0.5,min,Min Best Case,True
43,96372106,2,10637338,1,60,0.000997304916381836,0.012387514114379883,47,61,14,47,47,48,1,47,0.5,min,Min Best Case,True
44,96372106,2,10637339,1,60,0.004986286163330078,0.07875418663024902,97,127,30,97,97,97,0,97,0.5,min,Min Best Case,True
45,96372106,2,10637340,1,60,0.001995086669921875,0.009940385818481445,36,39,3,36,36,37,1,36,0.5,min,Min Best Case,True
46,96372106,2,10637341,1,60,0.004987478256225586,0.07486915588378906,112,149,37,112,112,113,1,112,0.5,min,Min Best Case,True
47,96372106,2,10637342,1,60,0.001970052719116211,0.02991962432861328,74,95,21,74,74,74,0,74,0.5,min,Min Best Case,True
48,96372106,2,10637343,1,60,0.001994609832763672,0.04286694526672363,78,95,17,78,78,78,0,78,0.5,min,Min Best Case,True
49,96372106,2,10637344,1,60,0.002991914749145508,0.06187295913696289,95,122,27,95,95,96,1,95,0.5,min,Min Best Case,True
50,96372106,2,10637345,1,60,0.0029921531677246094,0.030949115753173828,80,94,14,80,80,80,0,80,0.5,min,Min Best Case,True
