Experiment Number,Map Seed,Number of Agents,Agents Seed,Uncertainty,Timeout,initial time,octu Time,initial Min Cost,initial Max Cost,initial uncertainty,initial true cost,octu Min Cost,octu Max Cost,octu uncertainty,final true cost,Sensing Probability,Distribution,Communication
1,96372106,4,10637296,1,60,0.006979465484619141,0.021915435791015625,27,40,13,27,28,28,0,28,1.0,min,True
2,96372106,4,10637297,1,60,0.0009975433349609375,0.004990100860595703,18,21,3,18,18,18,0,18,1.0,min,True
3,96372106,4,10637298,1,60,0.0109710693359375,0.014935731887817383,31,37,6,31,31,31,0,31,1.0,min,True
4,96372106,4,10637299,1,60,0.014955520629882812,0.011977910995483398,25,37,12,25,25,25,0,25,1.0,min,True
5,96372106,4,10637300,1,60,0.016956090927124023,0.08272314071655273,32,43,11,32,34,34,0,34,1.0,min,True
6,96372106,4,10637301,1,60,0.1177206039428711,0.027925729751586914,28,42,14,28,28,28,0,28,1.0,min,True
7,96372106,4,10637302,1,60,0.06883645057678223,0.05086350440979004,33,50,17,33,34,34,0,34,1.0,min,True
8,96372106,4,10637303,1,60,0.001995086669921875,0.00498652458190918,21,30,9,21,21,21,0,21,1.0,min,True
9,96372106,4,10637304,1,60,0.023936033248901367,0.010972738265991211,21,30,9,21,21,21,0,21,1.0,min,True
10,96372106,4,10637305,1,60,0.27526259422302246,0.11671209335327148,28,37,9,28,30,30,0,30,1.0,min,True
11,96372106,4,10637306,1,60,0.0019948482513427734,0.0069806575775146484,18,31,13,18,18,18,0,18,1.0,min,True
12,96372106,4,10637307,1,60,0.0658254623413086,0.0728142261505127,32,46,14,32,32,32,0,32,1.0,min,True
13,96372106,4,10637308,1,60,0.049866437911987305,0.015933990478515625,30,41,11,30,30,30,0,30,1.0,min,True
14,96372106,4,10637309,1,60,0.08776426315307617,0.025905132293701172,26,38,12,26,25,25,0,25,1.0,min,True
15,96372106,4,10637310,1,60,4.927001714706421,0.33507776260375977,37,54,17,37,37,37,0,37,1.0,min,True
16,96372106,4,10637311,1,60,0.0019943714141845703,0.00698089599609375,24,32,8,24,24,24,0,24,1.0,min,True
17,96372106,4,10637312,1,60,0.0009961128234863281,0.005984067916870117,24,31,7,24,24,24,0,24,1.0,min,True
18,96372106,4,10637313,1,60,0.022937774658203125,0.05086398124694824,32,43,11,32,33,33,0,33,1.0,min,True
19,96372106,4,10637314,1,60,0.24235248565673828,0.04288506507873535,30,44,14,30,28,28,0,28,1.0,min,True
20,96372106,4,10637315,1,60,0.005984306335449219,0.010995864868164062,27,37,10,27,27,27,0,27,1.0,min,True
21,96372106,4,10637316,1,60,0.0578458309173584,0.06878113746643066,32,49,17,32,32,32,0,32,1.0,min,True
22,96372106,4,10637317,1,60,0.009978771209716797,0.012941122055053711,24,33,9,24,24,24,0,24,1.0,min,True
23,96372106,4,10637318,1,60,0.006982088088989258,0.008920907974243164,21,28,7,21,21,21,0,21,1.0,min,True
24,96372106,4,10637319,1,60,0.008975982666015625,0.013994932174682617,29,39,10,29,29,29,0,29,1.0,min,True
25,96372106,4,10637320,1,60,0.0019965171813964844,0.005990028381347656,17,23,6,17,17,17,0,17,1.0,min,True
26,96372106,4,10637321,1,60,0.0009975433349609375,0.00498652458190918,21,26,5,21,21,21,0,21,1.0,min,True
27,96372106,4,10637322,1,60,0.0029926300048828125,0.004934549331665039,18,24,6,18,18,18,0,18,1.0,min,True
28,96372106,4,10637323,1,60,0.011966943740844727,0.020894289016723633,29,38,9,29,29,29,0,29,1.0,min,True
29,96372106,4,10637324,1,60,0.0009965896606445312,0.005983829498291016,19,26,7,19,19,19,0,19,1.0,min,True
30,96372106,4,10637325,1,60,0.020943403244018555,0.011968135833740234,20,30,10,20,19,19,0,19,1.0,min,True
31,96372106,4,10637326,1,60,0.10273385047912598,0.05986499786376953,31,42,11,31,31,31,0,31,1.0,min,True
32,96372106,4,10637327,1,60,0.016954660415649414,0.012938976287841797,24,35,11,24,25,25,0,25,1.0,min,True
33,96372106,4,10637328,1,60,0.01898479461669922,0.011967658996582031,30,41,11,30,30,30,0,30,1.0,min,True
34,96372106,4,10637329,1,60,0.008974552154541016,0.008976459503173828,23,31,8,23,23,23,0,23,1.0,min,True
35,96372106,4,10637330,1,60,0.0009970664978027344,0.004986286163330078,18,23,5,18,18,18,0,18,1.0,min,True
36,96372106,4,10637331,1,60,0.000997781753540039,0.005003452301025391,20,29,9,20,20,20,0,20,1.0,min,True
37,96372106,4,10637332,1,60,0.008975744247436523,0.008975744247436523,19,28,9,19,19,19,0,19,1.0,min,True
38,96372106,4,10637333,1,60,0.00797891616821289,0.007977724075317383,25,33,8,25,25,25,0,25,1.0,min,True
39,96372106,4,10637334,1,60,0.0109710693359375,0.011968135833740234,23,34,11,23,22,22,0,22,1.0,min,True
40,96372106,4,10637335,1,60,0.0009987354278564453,0.004986286163330078,9,11,2,9,9,9,0,9,1.0,min,True
41,96372106,4,10637336,1,60,0.06778335571289062,0.026928186416625977,37,47,10,37,37,37,0,37,1.0,min,True
42,96372106,4,10637337,1,60,0.008976459503173828,0.008975744247436523,24,34,10,24,24,24,0,24,1.0,min,True
43,96372106,4,10637338,1,60,0.10614919662475586,0.03293728828430176,30,44,14,30,31,31,0,31,1.0,min,True
44,96372106,4,10637339,1,60,0.04488015174865723,0.03687715530395508,22,31,9,22,22,22,0,22,1.0,min,True
45,96372106,4,10637340,1,60,0.010969161987304688,0.008977413177490234,27,40,13,27,27,27,0,27,1.0,min,True
46,96372106,4,10637341,1,60,0.0009949207305908203,0.005982160568237305,18,27,9,18,18,18,0,18,1.0,min,True
47,96372106,4,10637342,1,60,0.005984783172607422,0.025922298431396484,22,27,5,22,22,22,0,22,1.0,min,True
48,96372106,4,10637343,1,60,0.0009980201721191406,0.005928516387939453,20,31,11,20,20,20,0,20,1.0,min,True
49,96372106,4,10637344,1,60,0.005983114242553711,0.010970592498779297,24,35,11,24,24,24,0,24,1.0,min,True
50,96372106,4,10637345,1,60,0.013963460922241211,0.013994932174682617,31,44,13,31,31,31,0,31,1.0,min,True
