Experiment Number,Map Seed,Number of Agents,Agents Seed,Uncertainty,Timeout,initial time,octu Time,initial Min Cost,initial Max Cost,initial uncertainty,initial true cost,octu Min Cost,octu Max Cost,octu uncertainty,final true cost,Sensing Probability,Distribution,Communication
1,96372106,4,10637296,1,60,0.006979465484619141,0.019939899444580078,27,40,13,27,28,28,0,28,1.0,uniform,True
2,96372106,4,10637297,1,60,0.0009975433349609375,0.0049860477447509766,18,21,3,18,18,18,0,18,1.0,uniform,True
3,96372106,4,10637298,1,60,0.0109710693359375,0.010972976684570312,31,37,6,31,31,31,0,31,1.0,uniform,True
4,96372106,4,10637299,1,60,0.014955520629882812,0.0129241943359375,25,37,12,25,25,25,0,25,1.0,uniform,True
5,96372106,4,10637300,1,60,0.016956090927124023,0.0677800178527832,32,43,11,32,34,34,0,34,1.0,uniform,True
6,96372106,4,10637301,1,60,0.1177206039428711,0.030945777893066406,28,42,14,28,28,28,0,28,1.0,uniform,True
7,96372106,4,10637302,1,60,0.06883645057678223,0.03889298439025879,33,50,17,33,34,34,0,34,1.0,uniform,True
8,96372106,4,10637303,1,60,0.001995086669921875,0.005978822708129883,21,30,9,21,21,21,0,21,1.0,uniform,True
9,96372106,4,10637304,1,60,0.023936033248901367,0.010972261428833008,21,30,9,21,21,21,0,21,1.0,uniform,True
10,96372106,4,10637305,1,60,0.27526259422302246,0.1286008358001709,28,37,9,28,30,30,0,30,1.0,uniform,True
11,96372106,4,10637306,1,60,0.0019948482513427734,0.006978273391723633,18,31,13,18,18,18,0,18,1.0,uniform,True
12,96372106,4,10637307,1,60,0.0658254623413086,0.06083488464355469,32,46,14,32,32,32,0,32,1.0,uniform,True
13,96372106,4,10637308,1,60,0.049866437911987305,0.014961719512939453,30,41,11,30,30,30,0,30,1.0,uniform,True
14,96372106,4,10637309,1,60,0.08776426315307617,0.020906686782836914,26,38,12,26,25,25,0,25,1.0,uniform,True
15,96372106,4,10637310,1,60,4.927001714706421,0.2563140392303467,37,54,17,37,37,37,0,37,1.0,uniform,True
16,96372106,4,10637311,1,60,0.0019943714141845703,0.0070340633392333984,24,32,8,24,24,24,0,24,1.0,uniform,True
17,96372106,4,10637312,1,60,0.0009961128234863281,0.005924701690673828,24,31,7,24,24,24,0,24,1.0,uniform,True
18,96372106,4,10637313,1,60,0.022937774658203125,0.056847572326660156,32,43,11,32,33,33,0,33,1.0,uniform,True
19,96372106,4,10637314,1,60,0.24235248565673828,0.044934988021850586,30,44,14,30,28,28,0,28,1.0,uniform,True
20,96372106,4,10637315,1,60,0.005984306335449219,0.012966632843017578,27,37,10,27,27,27,0,27,1.0,uniform,True
21,96372106,4,10637316,1,60,0.0578458309173584,0.060836076736450195,32,49,17,32,32,32,0,32,1.0,uniform,True
22,96372106,4,10637317,1,60,0.009978771209716797,0.014952659606933594,24,33,9,24,24,24,0,24,1.0,uniform,True
23,96372106,4,10637318,1,60,0.006982088088989258,0.00998234748840332,21,28,7,21,21,21,0,21,1.0,uniform,True
24,96372106,4,10637319,1,60,0.008975982666015625,0.00997614860534668,29,39,10,29,29,29,0,29,1.0,uniform,True
25,96372106,4,10637320,1,60,0.0019965171813964844,0.004027843475341797,17,23,6,17,17,17,0,17,1.0,uniform,True
26,96372106,4,10637321,1,60,0.0009975433349609375,0.00498652458190918,21,26,5,21,21,21,0,21,1.0,uniform,True
27,96372106,4,10637322,1,60,0.0029926300048828125,0.004986286163330078,18,24,6,18,18,18,0,18,1.0,uniform,True
28,96372106,4,10637323,1,60,0.011966943740844727,0.018945932388305664,29,38,9,29,29,29,0,29,1.0,uniform,True
29,96372106,4,10637324,1,60,0.0009965896606445312,0.006017446517944336,19,26,7,19,19,19,0,19,1.0,uniform,True
30,96372106,4,10637325,1,60,0.020943403244018555,0.012963533401489258,20,30,10,20,19,19,0,19,1.0,uniform,True
31,96372106,4,10637326,1,60,0.10273385047912598,0.05288338661193848,31,42,11,31,31,31,0,31,1.0,uniform,True
32,96372106,4,10637327,1,60,0.016954660415649414,0.01294851303100586,24,35,11,24,25,25,0,25,1.0,uniform,True
33,96372106,4,10637328,1,60,0.01898479461669922,0.012966156005859375,30,41,11,30,30,30,0,30,1.0,uniform,True
34,96372106,4,10637329,1,60,0.008974552154541016,0.009971141815185547,23,31,8,23,23,23,0,23,1.0,uniform,True
35,96372106,4,10637330,1,60,0.0009970664978027344,0.0050449371337890625,18,23,5,18,18,18,0,18,1.0,uniform,True
36,96372106,4,10637331,1,60,0.000997781753540039,0.0050411224365234375,20,29,9,20,20,20,0,20,1.0,uniform,True
37,96372106,4,10637332,1,60,0.008975744247436523,0.009973764419555664,19,28,9,19,19,19,0,19,1.0,uniform,True
38,96372106,4,10637333,1,60,0.00797891616821289,0.009973764419555664,25,33,8,25,25,25,0,25,1.0,uniform,True
39,96372106,4,10637334,1,60,0.0109710693359375,0.00796055793762207,23,34,11,23,22,22,0,22,1.0,uniform,True
40,96372106,4,10637335,1,60,0.0009987354278564453,0.001995563507080078,9,11,2,9,9,9,0,9,1.0,uniform,True
41,96372106,4,10637336,1,60,0.06778335571289062,0.04186224937438965,37,47,10,37,37,37,0,37,1.0,uniform,True
42,96372106,4,10637337,1,60,0.008976459503173828,0.007982254028320312,24,34,10,24,24,24,0,24,1.0,uniform,True
43,96372106,4,10637338,1,60,0.10614919662475586,0.023914337158203125,30,44,14,30,31,31,0,31,1.0,uniform,True
44,96372106,4,10637339,1,60,0.04488015174865723,0.03091740608215332,22,31,9,22,22,22,0,22,1.0,uniform,True
45,96372106,4,10637340,1,60,0.010969161987304688,0.00903010368347168,27,40,13,27,27,27,0,27,1.0,uniform,True
46,96372106,4,10637341,1,60,0.0009949207305908203,0.006977081298828125,18,27,9,18,18,18,0,18,1.0,uniform,True
47,96372106,4,10637342,1,60,0.005984783172607422,0.0190887451171875,22,27,5,22,22,22,0,22,1.0,uniform,True
48,96372106,4,10637343,1,60,0.0009980201721191406,0.004953622817993164,20,31,11,20,20,20,0,20,1.0,uniform,True
49,96372106,4,10637344,1,60,0.005983114242553711,0.011953592300415039,24,35,11,24,24,24,0,24,1.0,uniform,True
50,96372106,4,10637345,1,60,0.013963460922241211,0.014920473098754883,31,44,13,31,31,31,0,31,1.0,uniform,True
